35
30
41
81
43
78
12
46
76
64
78
16
61
12
68
27
32
57
90
87
35
51
36
98
95
13
36
61
17
29
58
26
20
70
61
75
50
8
56
28
19
79
95
77
67
51
25
41
23
81
58
52
45
65
81
47
77
75
37
53
68
91
5
26
69
97
36
40
5
43
80
9
2
67
21
50
98
16
23
41
93
69
11
54
43
61
57
81
81
53
15
37
60
0
9
96
32
49
36
5
31
29
57
42
88
50
98
97
9
22
12
76
46
24
80
75
97
11
40
98
13
92
97
85
48
31
58
51
98
31
18
32
95
41
77
82
52
90
73
0
73
97
87
47
91
45
90
8
9
56
81
4
64
22
64
71
20
83
25
21
60
9
60
69
36
22
17
83
91
21
10
27
10
49
82
61
6
38
83
97
8
46
3
80
80
70
28
65
77
92
7
64
98
64
23
60
36
9
37
21
18
41
2
23
29
5
47
61
1
32
82
2
81
73
68
23
24
22
77
40
52
39
61
43
97
7
94
32
70
11
20
52
19
6
20
35
26
35
53
23
35
90
30
54
72
29
22
15
94
91
20
87
34
65
23
26
84
17
81
54
62
19
86
37
77
87
92
15
73
73
27
60
41
61
55
4
24
75
38
15
24
32
26
18
10
34
19
97
61
19
39
5
27
27
10
61
8
92
12
90
3
63
8
26
23
33
93
40
67
16
43
15
53
80
60
68
27
54
84
79
56
26
79
77
97
54
61
33
68
16
46
55
61
11
38
4
58
14
19
22
50
97
15
20
36
47
72
52
45
15
76
35
13
47
81
96
68
30
69
38
44
12
50
7
57
16
77
26
47
68
85
34
61
77
3
62
21
13
98
4
7
7
72
63
80
24
37
26
3
65
71
43
1
37
91
97
3
30
76
34
55
28
93
81
70
92
1
62
52
42
25
0
37
4
68
19
86
42
22
1
88
34
15
54
23
4
52
7
88
19
29
14
77
51
11
21
86
45
89
14
26
53
20
91
56
61
28
71
51
76
21
69
37
24
39
20
78
13
31
69
74
71
68
67
35
13
74
71
62
71
79
98
23
42
72
57
65
80
72
96
3
0
58
23
41
9
72
45
71
34
92
50
54
6
47
63
95
51
81
94
31
80
70
45
21
15
89
10
53
19
16
16
58
72
74
58
4
76
44
8
51
98
95
88
97
89
3
30
73
63
22
37
55
43
10
41
18
42
15
35
74
41
58
9
96
92
26
44
71
13
71
97
78
66
97
21
33
22
41
37
54
57
72
52
12
45
61
72
95
22
92
5
23
16
45
40
60
35
98
17
48
41
7
40
69
80
25
0
77
76
38
10
58
99
95
64
2
95
8
3
29
73
50
17
31
70
23
88
7
73
10
12
22
74
77
69
91
81
59
54
15
94
80
34
63
45
29
24
50
60
73
18
59
13
8
62
38
92
82
23
8
70
51
46
90
55
23
2
20
91
2
57
2
40
91
63
23
74
89
42
69
86
82
91
41
34
10
62
69
65
73
14
25
74
43
88
2
90
63
29
29
49
65
60
33
71
49
78
43
54
74
0
68
67
38
34
75
47
30
70
72
14
35
32
48
5
85
52
37
61
3
84
37
25
9
41
67
38
34
67
39
83
18
9
70
22
66
47
46
55
0
97
78
58
82
62
55
33
6
60
33
13
90
95
87
63
49
83
67
60
82
2
42
53
57
83
25
77
81
71
82
56
81
5
93
44
96
4
13
32
99
57
98
80
22
3
34
22
58
59
4
51
16
65
57
20
8
50
66
51
5
78
57
99
59
81
3
34
60
14
59
35
4
79
51
91
33
9
32
12
74
11
16
7
45
63
31
35
37
20
28
16
92
42
40
47
49
72
62
96
27
51
76
4
33
24
86
8
43
53
20
86
54
46
40
11
7
69
57
86
93
26
59
72
49
70
29
74
84
83
93
17
31
26
59
58
63
5
12
45
84
18
50
66
60
97
99
83
94
41
17
80
65
25
61
52
75
83
13
8
62
30
61
66
52
98
77
53
68
27
42
83
84
14
35
1
75
62
81
19
23
1
26
2
88
31
84
71
10
41
93
47
17
16
58
40
55
39
35
11
71
55
80
9
55
72
74
62
34
17
7
91
61
81
43
10
46
69
57
74
24
47
83
58
34
90
45
76
45
90
55
8
10
2
21
18
70
76
21
45
18
67
62
85
18
38
3
70
5
37
60
57
14
91
49
82
41
2
36
51
17
98
71
70
75
15
61
29
18
59
67
50
82
19
35
13
44
43
19
98
15
31
18
5
49
74
11
99
54
26
99
7
73
51
24
50
11
60
26
64
97
29
16
61
94
81
16
72
75
24
52
48
14
89
67
49
48
5
58
77
64
85
7
15
19
42
76
44
81
60
12
18
27
80
5
68
14
78
89
6
10
9
85
28
75
34
80
30
16
53
36
65
72
77
11
4
63
16
58
51
26
72
6
58
14
68
47
20
57
72
83
61
8
98
72
19
72
96
47
3
52
8
24
29
85
96
62
47
40
98
65
55
80
67
40
1
23
81
75
51
65
42
64
98
72
94
81
62
74
42
72
62
64
54
79
77
93
22
57
33
69
0
72
18
76
2
83
47
38
96
75
9
56
53
27
27
48
87
85
58
84
44
22
3
65
26
89
92
59
14
20
19
13
96
58
35
94
49
43
4
75
69
63
9
6
0
28
3
81
98
33
19
25
32
49
49
68
6
3
34
75
2
42
65
39
12
69
19
32
97
81
7
97
63
46
64
52
3
67
47
17
14
89
0
49
37
71
71
78
95
34
95
82
64
88
99
17
32
30
22
59
78
2
19
80
35
97
68
46
45
87
46
38
21
90
28
25
54
31
23
69
73
14
49
50
38
20
32
72
49
46
21
59
88
31
62
32
22
28
22
57
10
9
16
12
76
96
40
11
59
64
29
94
51
35
14
9
6
1
50
92
21
16
71
34
82
61
19
52
95
26
79
63
83
93
57
73
14
21
91
24
3
22
42
68
44
0
96
8
29
64
36
74
7
69
74
8
48
58
19
2
78
16
64
5
24
40
80
42
24
40
1
33
29
98
14
5
73
10
84
60
42
74
58
36
44
48
91
14
85
16
27
44
70
29
83
75
65
15
63
33
83
70
45
11
61
61
2
35
54
74
76
54
90
75
75
28
94
24
83
50
45
48
32
6
88
75
21
37
13
84
41
66
22
61
37
68
40
2
68
6
71
46
93
69
33
63
9
26
64
58
2
66
25
77
52
38
0
13
30
37
17
86
58
36
54
51
78
4
77
26
62
68
17
27
34
99
67
65
87
31
0
89
63
42
46
12
39
81
81
28
6
83
12
67
43
74
88
69
47
96
39
90
54
71
25
69
72
37
65
58
3
31
24
66
60
41
69
9
76
97
99
18
42
73
18
8
17
81
10
12
37
22
44
30
1
93
14
73
18
78
17
43
50
20
41
81
31
20
91
2
17
9
60
33
8
78
44
42
46
63
10
4
37
18
84
95
88
57
3
15
25
97
73
58
57
44
40
20
57
56
89
28
2
26
57
6
66
62
83
33
64
42
88
31
39
21
1
66
76
87
89
44
85
73
23
30
47
2
86
70
12
45
20
71
76
53
82
9
14
58
12
11
32
34
0
34
93
89
62
46
91
69
66
91
2
42
81
15
23
46
12
11
81
32
12
14
76
90
40
28
12
45
40
43
73
87
38
63
88
25
63
36
41
78
35
50
69
88
41
37
59
3
37
9
24
59
51
76
53
23
65
59
77
17
25
86
3
37
85
84
52
41
95
68
87
86
86
70
75
71
68
24
36
49
85
72
69
67
2
26
77
91
7
25
14
84
76
68
74
61
81
7
27
57
26
5
77
69
93
44
52
3
87
17
46
24
80
76
19
16
15
1
23
22
97
4
61
11
26
51
56
66
88
20
40
75
20
39
36
57
1
21
89
2
68
23
28
89
65
96
54
79
16
88
33
64
83
69
80
78
5
22
64
59
11
28
49
27
18
49
29
35
6
93
99
51
2
5
50
40
53
71
82
8
75
59
58
64
49
56
26
42
82
65
49
97
72
82
30
93
65
89
38
19
18
26
5
39
26
14
32
47
83
30
18
92
94
81
48
99
52
5
43
75
38
49
90
16
7
27
91
27
74
40
1
56
33
94
19
48
15
79
87
40
83
50
50
76
50
45
22
77
7
32
88
17
98
83
78
62
97
52
3
69
89
37
62
81
7
52
94
29
74
39
4
33
55
45
36
13
64
40
19
41
46
86
93
79
13
67
84
2
3
47
81
47
72
17
43
68
34
71
3
9
10
97
84
66
55
57
55
30
48
77
75
26
68
7
14
11
7
18
28
5
11
67
84
54
63
7
83
53
88
63
44
90
58
79
84
35
92
52
0
75
16
43
0
99
69
0
88
77
64
70
82
43
22
45
61
94
59
13
87
36
74
79
41
28
97
31
16
7
25
8
40
21
73
46
73
37
30
17
8
83
3
45
6
32
31
71
75
22
18
66
41
95
29
74
60
65
29
22
35
75
2
62
76
79
54
16
59
45
31
46
20
92
60
62
69
39
52
19
85
0
80
90
51
76
46
88
80
40
9
40
29
26
98
90
79
92
12
57
30
82
78
6
25
93
42
44
70
95
93
9
96
9
59
58
47
42
39
44
38
14
23
65
70
27
21
89
89
35
84
36
95
94
23
20
52
85
81
59
75
55
30
30
8
83
9
11
42
44
93
97
71
87
98
3
57
25
56
3
46
71
59
90
22
98
86
3
49
83
47
78
55
38
62
93
45
4
41
47
85
95
91
63
46
92
86
34
71
39
91
11
40
21
25
16
86
21
38
87
15
70
98
84
63
6
9
44
79
99
21
34
56
6
48
10
90
87
45
86
11
31
26
20
70
42
71
18
25
80
94
30
5
13
71
59
49
1
8
86
8
55
65
22
83
82
5
72
59
50
29
63
11
43
55
26
3
58
10
64
12
37
5
55
4
59
4
47
98
3
66
96
75
90
68
53
62
41
49
5
91
72
68
43
50
7
84
78
85
16
98
43
25
10
93
97
60
25
50
0
6
59
90
98
27
84
86
62
63
80
32
81
49
78
0
87
58
4
50
17
5
81
4
28
53
69
79
17
82
39
57
1
73
38
93
13
56
19
29
97
37
11
26
20
59
31
72
87
65
56
11
63
19
74
32
61
85
56
85
9
63
2
93
54
19
73
68
36
83
77
33
70
22
89
53
71
61
47
25
94
64
71
60
83
61
19
24
21
47
25
55
76
4
1
41
15
80
40
85
19
87
76
87
40
17
59
55
59
23
20
61
46
69
70
18
73
33
32
56
55
19
65
6
48
26
81
55
96
70
8
24
15
7
88
28
93
53
2
84
29
32
30
93
82
28
32
6
12
49
43
51
84
40
39
10
30
68
46
16
92
22
78
75
71
35
81
91
63
65
33
69
50
21
5
62
93
68
66
99
13
0
66
42
19
52
10
1
15
59
46
98
74
6
6
51
58
70
97
39
73
86
58
54
98
94
76
71
70
69
13
48
31
32
91
65
51
53
91
39
76
63
76
35
61
50
49
55
44
10
67
81
6
56
40
81
19
2
36
1
98
1
36
46
95
64
67
37
89
89
93
66
73
54
54
67
24
17
12
19
83
97
13
15
14
84
58
50
2
76
78
65
0
93
77
14
75
18
44
45
38
84
82
41
2
96
53
99
10
31
41
18
46
18
24
26
95
5
70
14
62
13
84
14
75
27
65
14
6
30
89
78
7
10
75
82
50
5
45
4
79
66
21
40
45
73
76
39
43
3
38
35
78
38
41
95
77
15
71
21
77
6
66
45
49
40
32
68
72
63
32
15
50
98
56
29
4
63
93
30
28
52
23
80
55
77
26
99
46
65
59
44
21
81
7
79
52
64
60
87
25
94
85
9
58
58
60
13
95
29
60
78
84
59
17
30
0
88
31
0
72
65
60
8
1
7
50
53
63
46
93
85
17
94
35
94
41
24
10
45
46
65
80
36
2
35
26
64
49
89
4
68
55
93
87
49
75
33
61
44
18
84
46
62
38
48
59
35
95
93
44
53
28
89
97
19
33
44
47
83
88
35
90
92
83
64
9
41
28
37
77
78
39
9
81
52
58
51
19
77
33
61
52
75
76
18
72
74
92
24
68
9
63
51
32
86
38
88
50
52
68
60
31
18
12
96
32
48
97
26
18
40
7
15
29
78
94
78
91
18
34
74
41
41
14
8
66
10
63
95
94
31
24
48
41
15
13
39
26
54
52
5
75
86
66
71
72
15
48
90
29
80
22
15
6
26
24
20
73
47
34
99
80
45
4
23
52
63
40
95
87
81
73
81
88
48
85
0
0
88
70
56
93
10
26
71
10
56
0
15
19
56
2
84
13
31
59
96
94
0
59
47
50
60
36
75
41
7
17
37
4
64
38
71
39
51
3
63
43
40
69
19
34
68
1
11
9
75
35
29
30
19
41
0
88
13
63
12
61
88
79
93
77
45
95
8
66
74
34
88
67
62
15
9
43
26
76
95
17
17
74
64
53
21
90
69
83
31
66
50
16
20
50
85
23
52
43
58
39
72
1
27
54
30
80
25
99
75
48
93
27
46
60
11
65
61
63
16
41
90
99
25
69
68
20
96
21
66
95
26
88
98
97
54
63
51
42
20
38
42
63
87
80
57
14
69
91
18
4
39
38
9
93
57
5
46
36
98
89
61
36
28
92
22
42
86
32
70
89
73
93
5
33
4
21
91
77
7
8
18
38
76
10
40
57
2
55
74
55
15
26
90
12
53
39
13
17
97
58
28
77
96
74
16
94
88
52
70
86
13
39
33
38
35
38
3
5
29
74
12
21
41
33
32
86
44
72
32
71
36
54
79
98
26
89
13
74
0
30
24
89
37
95
39
45
84
18
72
0
2
1
0
82
35
2
4
81
31
2
21
59
20
27
56
87
70
30
37
92
57
17
80
0
26
89
28
99
5
65
50
67
81
79
94
61
58
75
32
80
76
10
5
97
33
79
47
55
52
37
51
89
53
94
80
70
64
68
66
30
89
82
93
54
28
94
68
91
73
85
21
0
42
35
19
72
80
57
14
59
88
27
79
4
62
48
73
84
28
75
86
15
69
4
0
33
36
26
84
19
0
43
93
22
45
69
64
98
78
30
54
81
61
87
17
68
16
37
53
5
55
33
6
92
61
64
56
26
25
75
48
66
64
59
84
92
88
22
98
78
33
99
10
41
3
18
23
88
44
89
92
29
52
45
37
77
78
46
16
45
59
76
87
52
55
29
63
76
21
41
40
59
88
53
18
62
80
94
67
4
3
54
79
25
10
80
18
1
47
49
75
21
36
21
60
20
75
61
99
60
37
24
88
71
72
53
82
43
63
48
70
57
28
10
21
9
58
72
42
22
51
32
22
8
18
69
29
78
78
72
47
85
10
54
69
62
84
14
77
5
73
47
74
51
44
98
20
91
77
99
9
71
50
78
6
35
16
54
5
90
52
22
42
65
7
74
12
18
49
95
24
88
7
82
10
12
18
15
99
23
6
20
92
79
88
96
41
70
86
73
21
63
96
35
86
36
4
64
74
3
92
76
35
51
33
51
89
94
66
94
57
49
61
13
39
1
3
87
45
47
70
54
18
52
86
60
44
11
87
99
36
82
66
41
41
49
30
54
2
51
79
21
89
60
44
83
85
26
7
29
55
95
89
76
23
20
0
80
78
54
56
29
44
30
88
56
79
27
82
7
14
21
63
25
85
76
74
68
40
49
74
94
83
1
65
21
2
12
29
30
62
67
68
62
11
45
43
75
27
2
59
83
65
7
88
24
56
82
74
44
20
17
20
60
71
7
17
31
8
93
99
54
48
54
61
68
13
99
42
80
89
91
0
54
39
75
42
65
73
37
92
85
67
33
12
64
4
60
65
1
61
94
65
47
97
53
4
42
25
86
0
37
88
23
27
12
90
83
80
9
48
97
56
21
71
1
21
78
58
48
79
98
29
19
87
72
74
90
7
3
62
9
25
31
54
56
97
35
88
7
13
24
97
43
58
67
94
66
95
73
28
98
93
6
34
80
97
68
34
20
11
24
14
1
8
33
3
54
81
18
23
83
54
81
46
98
37
23
39
91
42
6
4
27
84
9
49
41
94
21
58
88
64
55
7
76
32
8
85
61
5
12
73
57
76
67
63
56
6
34
79
77
41
8
15
31
84
25
37
85
97
56
75
66
40
13
92
63
96
98
85
5
78
74
20
47
87
54
5
81
58
26
24
27
1
78
52
3
10
55
94
4
3
45
77
42
42
29
98
60
21
8
38
33
24
3
87
6
1
99
82
71
2
38
31
31
52
92
50
86
20
56
84
97
35
90
96
68
8
39
6
77
71
99
60
98
55
41
1
14
82
9
66
76
48
10
40
50
26
6
69
4
31
7
49
76
47
90
46
16
54
63
73
81
48
90
32
61
0
74
84
57
61
61
10
96
26
35
74
85
35
22
8
77
98
18
8
61
63
85
92
84
54
33
29
55
30
16
4
99
88
85
62
88
13
19
80
32
18
68
84
49
70
17
11
58
47
92
14
3
32
12
50
92
24
84
41
17
20
24
69
77
93
95
62
74
90
56
13
28
81
95
64
65
77
90
86
38
84
68
56
3
98
88
6
15
9
87
79
34
13
73
38
85
5
8
51
30
89
79
11
85
45
80
64
32
26
5
59
26
78
60
16
69
50
57
80
95
28
3
70
31
83
1
65
34
26
49
83
15
80
27
26
9
5
56
74
73
57
91
76
85
11
0
91
43
98
11
26
87
54
19
9
78
48
39
77
91
81
40
80
83
76
11
24
57
31
69
67
75
86
62
48
88
50
74
69
19
32
30
23
61
57
30
25
66
88
34
91
52
19
56
79
6
81
91
42
95
75
60
33
50
77
82
92
82
55
63
15
83
99
67
74
13
79
49
6
33
69
57
74
18
79
73
21
70
1
37
11
29
64
47
77
10
80
76
32
48
84
47
54
77
37
96
37
18
70
88
26
42
5
62
36
77
43
85
76
43
95
61
28
14
36
96
22
90
5
15
62
95
55
44
52
53
12
3
11
24
28
94
98
85
6
92
5
7
61
80
0
66
37
12
81
71
73
36
87
96
92
93
66
36
36
49
86
86
59
41
99
17
93
55
50
63
44
72
23
98
92
48
7
82
30
24
3
79
51
73
1
43
56
20
34
23
31
91
64
12
95
2
93
53
67
51
62
88
86
37
15
60
94
14
63
72
58
14
42
90
8
65
61
3
69
62
61
77
75
16
52
60
96
43
58
55
27
12
60
10
22
27
93
31
83
29
37
99
1
95
76
34
66
91
30
7
72
4
17
62
32
71
99
54
63
62
12
74
45
72
61
92
37
17
66
59
53
96
36
51
51
77
57
63
94
52
31
57
3
61
82
21
52
9
72
41
85
45
38
59
8
71
73
57
33
25
74
40
41
15
28
33
16
54
18
40
77
23
89
24
14
91
94
54
79
37
61
35
90
3
20
54
45
50
39
79
19
25
10
32
69
57
37
91
30
36
66
90
71
24
56
65
20
89
86
79
67
4
27
66
97
45
84
99
54
49
14
69
20
70
58
49
10
90
22
11
20
88
59
17
45
10
27
77
12
37
40
5
49
43
31
65
82
29
54
99
78
89
22
81
50
63
17
39
88
86
90
87
50
14
42
10
92
83
14
87
95
66
6
61
12
22
41
95
80
61
95
83
76
61
39
63
35
47
68
99
17
45
95
80
34
77
79
88
69
15
34
15
52
79
17
46
20
69
84
23
55
90
96
64
57
19
26
61
21
31
13
14
74
27
32
57
12
61
10
57
75
25
71
76
80
42
29
5
8
93
49
6
20
33
28
18
93
56
60
4
47
48
45
6
8
22
65
54
70
12
81
66
43
56
72
20
25
41
99
40
47
42
39
61
91
48
1
4
51
3
0
88
56
82
42
43
99
93
56
72
60
79
9
14
10
7
84
74
54
28
4
46
84
91
99
74
0
32
67
27
6
83
40
12
62
65
29
43
1
93
38
64
78
28
88
50
17
21
25
83
49
49
43
6
65
14
54
75
82
28
46
51
70
86
14
27
65
25
66
34
41
72
40
0
80
81
93
36
0
70
96
28
12
34
64
76
63
80
49
57
24
52
18
0
62
22
49
1
75
1
11
28
6
25
18
41
33
13
67
56
86
58
77
33
94
44
83
79
34
94
81
70
35
74
99
42
72
40
92
29
86
30
11
21
5
52
71
47
45
71
75
66
93
64
44
98
80
68
81
93
80
88
73
95
39
70
21
75
69
89
31
62
13
19
33
24
37
52
30
36
12
62
34
29
92
65
23
35
9
26
87
55
16
1
9
60
71
76
77
19
60
15
4
65
30
26
94
94
70
75
74
76
39
14
8
59
39
35
92
44
18
19
71
62
33
55
98
11
55
73
55
83
74
74
99
62
82
63
13
13
21
37
44
49
94
42
35
85
77
25
44
91
56
20
41
85
76
27
45
88
14
50
87
90
86
74
5
95
43
7
21
47
22
21
63
17
60
28
20
16
16
67
20
98
77
47
26
38
79
89
3
40
22
77
13
73
84
21
51
79
51
79
25
73
26
49
45
86
58
9
68
99
8
24
77
28
74
66
72
25
73
89
17
82
79
14
51
38
36
89
96
62
64
38
0
36
89
36
43
24
35
81
95
98
69
88
53
46
2
3
73
66
93
47
59
34
37
75
89
83
80
91
72
99
49
67
55
33
14
73
34
25
71
5
50
96
19
26
12
66
3
68
22
33
67
54
41
17
22
68
81
29
72
10
91
69
10
24
39
59
35
89
71
18
19
58
30
81
25
16
82
11
17
11
76
41
66
81
83
9
46
48
93
53
59
15
62
5
70
71
55
70
62
45
64
77
7
19
87
79
60
92
16
86
41
72
96
16
25
84
88
44
63
46
50
63
27
83
33
35
80
84
15
13
84
89
80
65
16
98
33
36
33
33
86
48
83
36
48
2
31
69
18
89
51
8
79
93
50
40
7
76
38
35
33
85
97
32
81
57
74
95
14
27
21
30
54
44
50
14
60
62
39
91
78
43
72
56
1
66
79
69
15
83
14
60
23
4
62
70
1
27
7
27
78
62
4
64
92
71
8
38
51
36
95
81
79
70
15
65
28
66
82
69
34
42
35
26
42
57
97
79
26
42
29
7
47
80
84
71
7
84
12
59
93
46
24
52
35
34
16
54
9
47
33
25
8
25
64
61
89
6
14
52
73
32
65
35
99
59
92
30
81
38
39
75
87
92
59
76
80
50
60
33
37
90
9
19
77
19
72
5
91
45
70
31
22
7
84
91
28
30
83
77
89
72
69
70
68
42
83
88
16
20
75
29
48
49
56
83
84
41
61
81
4
20
18
13
37
20
78
81
39
30
8
69
13
25
97
36
3
40
14
26
12
58
95
52
90
89
77
68
67
17
47
15
2
87
22
92
56
43
66
68
30
64
64
31
70
43
1
28
12
47
66
50
63
24
29
3
56
71
98
63
97
78
23
41
92
83
41
7
95
85
27
79
56
34
84
86
94
76
60
56
91
8
48
8
18
55
67
55
99
9
62
0
96
27
22
34
11
95
35
7
32
97
42
69
99
4
41
2
12
11
16
60
66
42
98
35
18
73
90
68
49
98
56
81
70
79
28
25
93
87
24
59
47
14
0
89
85
54
11
45
66
39
71
85
25
9
30
26
42
81
26
32
2
7
77
85
88
80
89
21
83
56
97
68
98
17
41
59
49
55
23
80
47
80
75
54
24
58
72
63
28
94
56
12
75
39
99
77
17
83
65
73
90
77
39
5
39
71
49
84
89
68
32
15
76
63
6
88
58
89
21
15
30
37
77
42
42
15
96
63
61
73
89
0
97
52
22
61
82
73
46
95
76
80
89
72
23
10
98
88
17
25
82
88
20
16
31
48
68
73
56
91
20
76
22
57
62
80
97
3
32
69
0
62
44
19
73
65
81
54
19
57
3
42
87
94
66
21
74
91
50
49
26
42
98
8
84
28
14
66
94
51
18
81
36
53
65
1
75
2
70
40
29
36
83
80
93
11
40
9
35
38
17
29
47
26
3
23
4
78
46
56
42
87
52
40
7
62
77
19
8
73
3
35
87
49
9
41
84
27
85
79
7
46
71
26
12
99
54
68
67
60
89
80
73
60
13
72
90
14
38
22
57
89
98
5
13
50
63
29
99
61
67
61
63
8
99
45
45
45
7
25
pachahara
45
khan
don
man
devil
value
root
smith
finch
hjbhj
kjbjh
Anas
